1.300340
0.951128
0.466052
1.365709
0.228364
0.453441
0.111896
0.162314
0.326236
0.159854
0.312448
0.348469
0.356108
0.111896
0.326236
0.140354
0.646262
0.054825
0.242654
0.159854
0.665789
0.159854
0.312448
0.159854
0.078326
0.258961
0.018791
0.062172
0.162314
0.111896
0.202803
0.038964
0.265175
0.159854
0.202803
0.228364
0.078326
0.026856
0.326236
0.037813
0.111896
0.339671
0.162314
0.159854
0.078326
0.242654
0.230819
0.172055
0.111896
0.054825
0.324070
0.013142
0.063664
0.225326
0.054825
0.375299
0.018791
0.006403
0.172055
0.159854
0.111896
0.057883
0.230819
0.055414
0.026856
0.013858
0.159854
0.013142
0.159854
0.219192
0.038373
0.228364
0.111896
0.013142
0.054825
0.220287
0.053967
0.038373
0.058256
0.242654
0.003063
0.013142
0.002070
0.078326
0.038373
0.159854
0.159854
0.057803
0.009182
0.038373
0.038373
0.078326
0.323083
0.038373
0.142163
0.054825
0.054825
0.218832
0.000000
